[hand_eye_calibration]
x = 0.07764992242667294
y = -0.03554679828387846
z = 0.06821930211284273
qx = 0.0039794397308422005
qy = -0.008251926004982278
qz = 0.6981877148892511
qw = 0.715856120009016

