[hand_eye_calibration]
x = 0.1267880188305563
y = -0.034829629955837965
z = 0.06662422969763565
qx = -0.030753184584031708
qy = -0.029175799924117667
qz = 0.7056512433323076
qw = 0.7072901364505918

