[hand_eye_calibration]
x = 0.07750464277165502
y = -0.03671563427202898
z = 0.06849008934693676
qx = 0.007269923959234842
qy = -0.0032559856852129544
qz = 0.7024893071973962
qw = 0.7116497172318463

