[hand_eye_calibration]
x = 0.08249173384372938
y = -0.0346786303383735
z = 0.06804578876353605
qx = 0.0031116752535429726
qy = 0.0002952807625128753
qz = 0.7015138698259121
qw = 0.7126489463461382

